FUNCTION: getTopK 10
Result: said, mln, dlr, from, it, vs, pct, ct, ha, year
FUNCTION: getPostings hard
Ordered by doc IDs: 9613, 9641, 9668, 9775, 9835, 9879, 9956, 10335, 10339, 10432, 10447, 10451, 10461, 10485, 10524, 10549, 10572, 10966, 11244, 11245, 11249, 11335, 11441, 11443, 11553, 11590, 11694, 11834, 11896, 12121, 12173, 12200, 12441, 12501, 12634, 12784, 12866
Ordered by TF: 10572, 9835, 10432, 10461, 11443, 12634, 9613, 9641, 9668, 9775, 9879, 9956, 10335, 10339, 10447, 10451, 10485, 10524, 10549, 10966, 11244, 11245, 11249, 11335, 11441, 11553, 11590, 11694, 11834, 11896, 12121, 12173, 12200, 12441, 12501, 12784, 12866
FUNCTION: getPostings hand
Ordered by doc IDs: 9625, 9773, 9846, 9861, 9933, 10088, 10255, 10272, 10475, 10580, 10777, 10778, 11002, 11149, 11154, 11221, 11299, 11309, 11442, 11443, 11807, 12019, 12173, 12554, 12841
Ordered by TF: 10777, 11221, 12019, 9625, 9773, 9846, 9861, 9933, 10088, 10255, 10272, 10475, 10580, 10778, 11002, 11149, 11154, 11299, 11309, 11442, 11443, 11807, 12173, 12554, 12841
FUNCTION: termAtATimeQueryAnd hard, hand
2 documents are found
882 comparisons are made
0.019 seconds are used
882 comparisons are made with optimization
Result: 11443, 12173
FUNCTION: termAtATimeQueryOr hard, hand
60 documents are found
882 comparisons are made
0.021 seconds are used
882 comparisons are made with optimization
Result: 9613, 9625, 9641, 9668, 9773, 9775, 9835, 9846, 9861, 9879, 9933, 9956, 10088, 10255, 10272, 10335, 10339, 10432, 10447, 10451, 10461, 10475, 10485, 10524, 10549, 10572, 10580, 10777, 10778, 10966, 11002, 11149, 11154, 11221, 11244, 11245, 11249, 11299, 11309, 11335, 11441, 11442, 11443, 11553, 11590, 11694, 11807, 11834, 11896, 12019, 12121, 12173, 12200, 12441, 12501, 12554, 12634, 12784, 12841, 12866
FUNCTION: docAtATimeQueryAnd hard, hand
2 documents are found
88 comparisons are made
0.001 seconds are used
Result: 11443, 12173
FUNCTION: docAtATimeQueryOr hard, hand
60 documents are found
59 comparisons are made
0.006 seconds are used
Result: 9613, 9625, 9641, 9668, 9773, 9775, 9835, 9846, 9861, 9879, 9933, 9956, 10088, 10255, 10272, 10335, 10339, 10432, 10447, 10451, 10461, 10475, 10485, 10524, 10549, 10572, 10580, 10777, 10778, 10966, 11002, 11149, 11154, 11221, 11244, 11245, 11249, 11299, 11309, 11335, 11441, 11442, 11443, 11553, 11590, 11694, 11807, 11834, 11896, 12019, 12121, 12173, 12200, 12441, 12501, 12554, 12634, 12784, 12841, 12866
FUNCTION: getPostings move
Ordered by doc IDs: 9610, 9613, 9638, 9661, 9721, 9757, 9781, 9809, 9812, 9855, 9876, 9890, 9905, 9914, 9933, 9947, 9954, 10003, 10004, 10007, 10009, 10019, 10023, 10056, 10069, 10073, 10083, 10085, 10088, 10096, 10111, 10127, 10180, 10389, 10400, 10410, 10444, 10447, 10457, 10480, 10491, 10500, 10559, 10560, 10633, 10634, 10640, 10687, 10721, 10778, 10785, 10797, 10848, 10886, 10919, 10960, 11012, 11034, 11037, 11039, 11041, 11045, 11062, 11073, 11100, 11112, 11114, 11125, 11135, 11144, 11157, 11164, 11180, 11183, 11190, 11191, 11234, 11239, 11240, 11245, 11259, 11262, 11266, 11268, 11274, 11286, 11289, 11293, 11296, 11299, 11315, 11316, 11322, 11335, 11339, 11347, 11355, 11357, 11365, 11376, 11393, 11398, 11442, 11444, 11451, 11454, 11481, 11522, 11534, 11553, 11575, 11581, 11597, 11601, 11633, 11692, 11696, 11710, 11740, 11749, 11752, 11755, 11800, 11828, 11834, 11836, 11837, 11841, 11854, 11855, 11859, 11874, 11893, 11894, 11915, 11954, 11961, 11978, 11992, 11996, 12009, 12037, 12047, 12052, 12054, 12076, 12086, 12091, 12101, 12109, 12118, 12186, 12211, 12220, 12239, 12249, 12335, 12383, 12466, 12490, 12502, 12523, 12531, 12554, 12641, 12642, 12654, 12725, 12730, 12735, 12757, 12861, 12890, 12898, 12899
Ordered by TF: 9613, 11978, 10480, 10960, 11037, 11045, 11125, 11268, 11293, 11296, 11335, 11442, 9610, 10003, 10073, 10400, 10410, 10444, 10500, 10559, 10560, 10633, 11062, 11073, 11114, 11164, 11183, 11239, 11365, 11692, 11696, 11837, 11859, 11874, 11915, 11961, 12047, 12054, 12076, 12086, 12220, 12654, 12735, 12861, 9638, 9661, 9721, 9757, 9781, 9809, 9812, 9855, 9876, 9890, 9905, 9914, 9933, 9947, 9954, 10004, 10007, 10009, 10019, 10023, 10056, 10069, 10083, 10085, 10088, 10096, 10111, 10127, 10180, 10389, 10447, 10457, 10491, 10634, 10640, 10687, 10721, 10778, 10785, 10797, 10848, 10886, 10919, 11012, 11034, 11039, 11041, 11100, 11112, 11135, 11144, 11157, 11180, 11190, 11191, 11234, 11240, 11245, 11259, 11262, 11266, 11274, 11286, 11289, 11299, 11315, 11316, 11322, 11339, 11347, 11355, 11357, 11376, 11393, 11398, 11444, 11451, 11454, 11481, 11522, 11534, 11553, 11575, 11581, 11597, 11601, 11633, 11710, 11740, 11749, 11752, 11755, 11800, 11828, 11834, 11836, 11841, 11854, 11855, 11893, 11894, 11954, 11992, 11996, 12009, 12037, 12052, 12091, 12101, 12109, 12118, 12186, 12211, 12239, 12249, 12335, 12383, 12466, 12490, 12502, 12523, 12531, 12554, 12641, 12642, 12725, 12730, 12757, 12890, 12898, 12899
FUNCTION: getPostings lower
Ordered by doc IDs: 9605, 9606, 9627, 9634, 9639, 9742, 9771, 9841, 9866, 9882, 9905, 9915, 9929, 9933, 9936, 9941, 9952, 9954, 9959, 10003, 10004, 10009, 10011, 10014, 10019, 10025, 10061, 10088, 10114, 10135, 10147, 10148, 10163, 10174, 10222, 10223, 10231, 10337, 10399, 10402, 10434, 10443, 10455, 10462, 10481, 10491, 10493, 10497, 10502, 10503, 10506, 10513, 10518, 10524, 10569, 10571, 10572, 10580, 10604, 10630, 10657, 10687, 10727, 10733, 10739, 10741, 10742, 10777, 10785, 10786, 10797, 10814, 10850, 10861, 10865, 10872, 10884, 10891, 10895, 10913, 10960, 10966, 10969, 10986, 11007, 11012, 11024, 11030, 11034, 11036, 11050, 11068, 11069, 11100, 11114, 11144, 11154, 11180, 11190, 11196, 11220, 11229, 11243, 11244, 11251, 11263, 11265, 11266, 11286, 11335, 11349, 11402, 11418, 11442, 11443, 11447, 11450, 11463, 11490, 11495, 11496, 11522, 11537, 11541, 11574, 11593, 11613, 11661, 11670, 11674, 11676, 11680, 11682, 11687, 11690, 11692, 11707, 11710, 11718, 11724, 11742, 11743, 11760, 11800, 11831, 11880, 11898, 11918, 11944, 12005, 12028, 12052, 12066, 12101, 12118, 12211, 12253, 12387, 12442, 12584, 12637, 12642, 12657, 12663, 12730, 12854, 12860, 12865, 12878, 12883, 12884, 12891, 12898
Ordered by TF: 11114, 10011, 10088, 11522, 12883, 9606, 9933, 10014, 10222, 10518, 10524, 10572, 10872, 10969, 10986, 11180, 11335, 11418, 11442, 11537, 11541, 11674, 11680, 11687, 11692, 11710, 11743, 11800, 11918, 12005, 12854, 9605, 9627, 9634, 9639, 9742, 9771, 9841, 9866, 9882, 9905, 9915, 9929, 9936, 9941, 9952, 9954, 9959, 10003, 10004, 10009, 10019, 10025, 10061, 10114, 10135, 10147, 10148, 10163, 10174, 10223, 10231, 10337, 10399, 10402, 10434, 10443, 10455, 10462, 10481, 10491, 10493, 10497, 10502, 10503, 10506, 10513, 10569, 10571, 10580, 10604, 10630, 10657, 10687, 10727, 10733, 10739, 10741, 10742, 10777, 10785, 10786, 10797, 10814, 10850, 10861, 10865, 10884, 10891, 10895, 10913, 10960, 10966, 11007, 11012, 11024, 11030, 11034, 11036, 11050, 11068, 11069, 11100, 11144, 11154, 11190, 11196, 11220, 11229, 11243, 11244, 11251, 11263, 11265, 11266, 11286, 11349, 11402, 11443, 11447, 11450, 11463, 11490, 11495, 11496, 11574, 11593, 11613, 11661, 11670, 11676, 11682, 11690, 11707, 11718, 11724, 11742, 11760, 11831, 11880, 11898, 11944, 12028, 12052, 12066, 12101, 12118, 12211, 12253, 12387, 12442, 12584, 12637, 12642, 12657, 12663, 12730, 12860, 12865, 12878, 12884, 12891, 12898
FUNCTION: getPostings expect
Ordered by doc IDs: 9605, 9606, 9607, 9612, 9613, 9622, 9623, 9629, 9633, 9634, 9644, 9646, 9647, 9656, 9657, 9660, 9666, 9668, 9669, 9676, 9678, 9682, 9686, 9692, 9698, 9701, 9703, 9706, 9721, 9738, 9746, 9747, 9757, 9773, 9793, 9800, 9818, 9819, 9841, 9855, 9866, 9876, 9879, 9882, 9891, 9892, 9907, 9915, 9921, 9928, 9933, 9940, 9941, 9945, 9946, 9954, 9975, 9989, 10000, 10003, 10004, 10009, 10011, 10014, 10017, 10019, 10022, 10027, 10035, 10053, 10056, 10061, 10077, 10085, 10102, 10105, 10115, 10119, 10125, 10129, 10131, 10135, 10151, 10163, 10180, 10188, 10198, 10207, 10222, 10223, 10249, 10275, 10337, 10366, 10372, 10403, 10410, 10424, 10429, 10432, 10444, 10447, 10449, 10451, 10454, 10462, 10467, 10485, 10487, 10489, 10496, 10499, 10521, 10525, 10541, 10545, 10549, 10557, 10561, 10565, 10569, 10576, 10599, 10618, 10620, 10633, 10635, 10640, 10642, 10651, 10652, 10679, 10691, 10694, 10706, 10720, 10727, 10729, 10742, 10743, 10755, 10756, 10768, 10772, 10773, 10777, 10791, 10817, 10821, 10845, 10865, 10876, 10879, 10884, 10895, 10899, 10906, 10910, 10914, 10915, 10921, 10935, 10944, 10946, 10961, 10963, 10966, 10976, 10986, 11012, 11021, 11030, 11036, 11037, 11039, 11048, 11049, 11050, 11051, 11054, 11056, 11065, 11066, 11068, 11074, 11076, 11078, 11097, 11098, 11101, 11103, 11104, 11105, 11112, 11114, 11116, 11145, 11149, 11161, 11164, 11172, 11180, 11182, 11190, 11195, 11205, 11210, 11214, 11234, 11244, 11249, 11250, 11255, 11256, 11270, 11277, 11281, 11286, 11289, 11293, 11296, 11298, 11301, 11302, 11304, 11311, 11316, 11320, 11322, 11323, 11328, 11331, 11335, 11336, 11337, 11343, 11348, 11354, 11357, 11364, 11369, 11372, 11398, 11402, 11407, 11409, 11423, 11432, 11436, 11438, 11449, 11471, 11475, 11481, 11513, 11518, 11521, 11522, 11531, 11535, 11541, 11548, 11590, 11593, 11618, 11621, 11627, 11638, 11646, 11649, 11651, 11653, 11657, 11670, 11672, 11675, 11678, 11679, 11680, 11682, 11687, 11692, 11696, 11697, 11698, 11710, 11719, 11720, 11724, 11730, 11731, 11732, 11736, 11752, 11762, 11781, 11788, 11827, 11837, 11839, 11841, 11855, 11869, 11880, 11883, 11889, 11890, 11893, 11896, 11898, 11908, 11910, 11918, 11922, 11960, 11966, 11977, 11978, 11981, 11983, 12000, 12005, 12031, 12049, 12052, 12058, 12062, 12066, 12068, 12069, 12071, 12073, 12076, 12081, 12090, 12102, 12108, 12111, 12112, 12129, 12194, 12195, 12211, 12214, 12215, 12220, 12249, 12290, 12306, 12316, 12319, 12323, 12329, 12449, 12487, 12595, 12602, 12608, 12620, 12634, 12637, 12641, 12683, 12713, 12725, 12742, 12757, 12759, 12770, 12771, 12782, 12799, 12805, 12817, 12832, 12854, 12863, 12864, 12869, 12874, 12876, 12883, 12889, 12890, 12894, 12896
Ordered by TF: 11593, 11788, 10003, 11354, 10222, 9647, 9721, 10019, 10085, 10188, 10756, 11101, 11255, 11289, 11311, 11680, 11687, 11889, 9698, 9757, 9915, 10004, 10061, 10432, 10691, 10729, 10895, 10961, 11114, 11210, 11234, 11337, 11627, 11678, 11898, 12874, 12876, 9613, 9668, 9676, 9746, 9747, 9818, 9819, 9855, 9876, 9879, 9882, 9945, 9975, 10014, 10035, 10129, 10223, 10275, 10410, 10429, 10496, 10521, 10557, 10565, 10640, 10720, 10743, 10772, 10773, 10791, 10817, 10865, 10976, 11012, 11021, 11048, 11050, 11074, 11105, 11180, 11182, 11281, 11286, 11296, 11302, 11335, 11364, 11541, 11548, 11649, 11682, 11692, 11731, 11839, 11841, 11908, 11918, 11978, 12069, 12214, 12306, 12641, 12683, 12725, 12805, 9605, 9606, 9607, 9612, 9622, 9623, 9629, 9633, 9634, 9644, 9646, 9656, 9657, 9660, 9666, 9669, 9678, 9682, 9686, 9692, 9701, 9703, 9706, 9738, 9773, 9793, 9800, 9841, 9866, 9891, 9892, 9907, 9921, 9928, 9933, 9940, 9941, 9946, 9954, 9989, 10000, 10009, 10011, 10017, 10022, 10027, 10053, 10056, 10077, 10102, 10105, 10115, 10119, 10125, 10131, 10135, 10151, 10163, 10180, 10198, 10207, 10249, 10337, 10366, 10372, 10403, 10424, 10444, 10447, 10449, 10451, 10454, 10462, 10467, 10485, 10487, 10489, 10499, 10525, 10541, 10545, 10549, 10561, 10569, 10576, 10599, 10618, 10620, 10633, 10635, 10642, 10651, 10652, 10679, 10694, 10706, 10727, 10742, 10755, 10768, 10777, 10821, 10845, 10876, 10879, 10884, 10899, 10906, 10910, 10914, 10915, 10921, 10935, 10944, 10946, 10963, 10966, 10986, 11030, 11036, 11037, 11039, 11049, 11051, 11054, 11056, 11065, 11066, 11068, 11076, 11078, 11097, 11098, 11103, 11104, 11112, 11116, 11145, 11149, 11161, 11164, 11172, 11190, 11195, 11205, 11214, 11244, 11249, 11250, 11256, 11270, 11277, 11293, 11298, 11301, 11304, 11316, 11320, 11322, 11323, 11328, 11331, 11336, 11343, 11348, 11357, 11369, 11372, 11398, 11402, 11407, 11409, 11423, 11432, 11436, 11438, 11449, 11471, 11475, 11481, 11513, 11518, 11521, 11522, 11531, 11535, 11590, 11618, 11621, 11638, 11646, 11651, 11653, 11657, 11670, 11672, 11675, 11679, 11696, 11697, 11698, 11710, 11719, 11720, 11724, 11730, 11732, 11736, 11752, 11762, 11781, 11827, 11837, 11855, 11869, 11880, 11883, 11890, 11893, 11896, 11910, 11922, 11960, 11966, 11977, 11981, 11983, 12000, 12005, 12031, 12049, 12052, 12058, 12062, 12066, 12068, 12071, 12073, 12076, 12081, 12090, 12102, 12108, 12111, 12112, 12129, 12194, 12195, 12211, 12215, 12220, 12249, 12290, 12316, 12319, 12323, 12329, 12449, 12487, 12595, 12602, 12608, 12620, 12634, 12637, 12713, 12742, 12757, 12759, 12770, 12771, 12782, 12799, 12817, 12832, 12854, 12863, 12864, 12869, 12883, 12889, 12890, 12894, 12896
FUNCTION: termAtATimeQueryAnd move, lower, expect
17 documents are found
33217 comparisons are made
0.048 seconds are used
33216 comparisons are made with optimization
Result: 9933, 9954, 10003, 10004, 10009, 10019, 11012, 11114, 11180, 11190, 11286, 11335, 11522, 11692, 11710, 12052, 12211
FUNCTION: termAtATimeQueryOr move, lower, expect
595 documents are found
106986 comparisons are made
0.136 seconds are used
108232 comparisons are made with optimization
Result: 9605, 9606, 9607, 9610, 9612, 9613, 9622, 9623, 9627, 9629, 9633, 9634, 9638, 9639, 9644, 9646, 9647, 9656, 9657, 9660, 9661, 9666, 9668, 9669, 9676, 9678, 9682, 9686, 9692, 9698, 9701, 9703, 9706, 9721, 9738, 9742, 9746, 9747, 9757, 9771, 9773, 9781, 9793, 9800, 9809, 9812, 9818, 9819, 9841, 9855, 9866, 9876, 9879, 9882, 9890, 9891, 9892, 9905, 9907, 9914, 9915, 9921, 9928, 9929, 9933, 9936, 9940, 9941, 9945, 9946, 9947, 9952, 9954, 9959, 9975, 9989, 10000, 10003, 10004, 10007, 10009, 10011, 10014, 10017, 10019, 10022, 10023, 10025, 10027, 10035, 10053, 10056, 10061, 10069, 10073, 10077, 10083, 10085, 10088, 10096, 10102, 10105, 10111, 10114, 10115, 10119, 10125, 10127, 10129, 10131, 10135, 10147, 10148, 10151, 10163, 10174, 10180, 10188, 10198, 10207, 10222, 10223, 10231, 10249, 10275, 10337, 10366, 10372, 10389, 10399, 10400, 10402, 10403, 10410, 10424, 10429, 10432, 10434, 10443, 10444, 10447, 10449, 10451, 10454, 10455, 10457, 10462, 10467, 10480, 10481, 10485, 10487, 10489, 10491, 10493, 10496, 10497, 10499, 10500, 10502, 10503, 10506, 10513, 10518, 10521, 10524, 10525, 10541, 10545, 10549, 10557, 10559, 10560, 10561, 10565, 10569, 10571, 10572, 10576, 10580, 10599, 10604, 10618, 10620, 10630, 10633, 10634, 10635, 10640, 10642, 10651, 10652, 10657, 10679, 10687, 10691, 10694, 10706, 10720, 10721, 10727, 10729, 10733, 10739, 10741, 10742, 10743, 10755, 10756, 10768, 10772, 10773, 10777, 10778, 10785, 10786, 10791, 10797, 10814, 10817, 10821, 10845, 10848, 10850, 10861, 10865, 10872, 10876, 10879, 10884, 10886, 10891, 10895, 10899, 10906, 10910, 10913, 10914, 10915, 10919, 10921, 10935, 10944, 10946, 10960, 10961, 10963, 10966, 10969, 10976, 10986, 11007, 11012, 11021, 11024, 11030, 11034, 11036, 11037, 11039, 11041, 11045, 11048, 11049, 11050, 11051, 11054, 11056, 11062, 11065, 11066, 11068, 11069, 11073, 11074, 11076, 11078, 11097, 11098, 11100, 11101, 11103, 11104, 11105, 11112, 11114, 11116, 11125, 11135, 11144, 11145, 11149, 11154, 11157, 11161, 11164, 11172, 11180, 11182, 11183, 11190, 11191, 11195, 11196, 11205, 11210, 11214, 11220, 11229, 11234, 11239, 11240, 11243, 11244, 11245, 11249, 11250, 11251, 11255, 11256, 11259, 11262, 11263, 11265, 11266, 11268, 11270, 11274, 11277, 11281, 11286, 11289, 11293, 11296, 11298, 11299, 11301, 11302, 11304, 11311, 11315, 11316, 11320, 11322, 11323, 11328, 11331, 11335, 11336, 11337, 11339, 11343, 11347, 11348, 11349, 11354, 11355, 11357, 11364, 11365, 11369, 11372, 11376, 11393, 11398, 11402, 11407, 11409, 11418, 11423, 11432, 11436, 11438, 11442, 11443, 11444, 11447, 11449, 11450, 11451, 11454, 11463, 11471, 11475, 11481, 11490, 11495, 11496, 11513, 11518, 11521, 11522, 11531, 11534, 11535, 11537, 11541, 11548, 11553, 11574, 11575, 11581, 11590, 11593, 11597, 11601, 11613, 11618, 11621, 11627, 11633, 11638, 11646, 11649, 11651, 11653, 11657, 11661, 11670, 11672, 11674, 11675, 11676, 11678, 11679, 11680, 11682, 11687, 11690, 11692, 11696, 11697, 11698, 11707, 11710, 11718, 11719, 11720, 11724, 11730, 11731, 11732, 11736, 11740, 11742, 11743, 11749, 11752, 11755, 11760, 11762, 11781, 11788, 11800, 11827, 11828, 11831, 11834, 11836, 11837, 11839, 11841, 11854, 11855, 11859, 11869, 11874, 11880, 11883, 11889, 11890, 11893, 11894, 11896, 11898, 11908, 11910, 11915, 11918, 11922, 11944, 11954, 11960, 11961, 11966, 11977, 11978, 11981, 11983, 11992, 11996, 12000, 12005, 12009, 12028, 12031, 12037, 12047, 12049, 12052, 12054, 12058, 12062, 12066, 12068, 12069, 12071, 12073, 12076, 12081, 12086, 12090, 12091, 12101, 12102, 12108, 12109, 12111, 12112, 12118, 12129, 12186, 12194, 12195, 12211, 12214, 12215, 12220, 12239, 12249, 12253, 12290, 12306, 12316, 12319, 12323, 12329, 12335, 12383, 12387, 12442, 12449, 12466, 12487, 12490, 12502, 12523, 12531, 12554, 12584, 12595, 12602, 12608, 12620, 12634, 12637, 12641, 12642, 12654, 12657, 12663, 12683, 12713, 12725, 12730, 12735, 12742, 12757, 12759, 12770, 12771, 12782, 12799, 12805, 12817, 12832, 12854, 12860, 12861, 12863, 12864, 12865, 12869, 12874, 12876, 12878, 12883, 12884, 12889, 12890, 12891, 12894, 12896, 12898, 12899
FUNCTION: docAtATimeQueryAnd move, lower, expect
17 documents are found
1100 comparisons are made
0.001 seconds are used
Result: 9933, 9954, 10003, 10004, 10009, 10019, 11012, 11114, 11180, 11190, 11286, 11335, 11522, 11692, 11710, 12052, 12211
FUNCTION: docAtATimeQueryOr move, lower, expect
595 documents are found
1187 comparisons are made
0.009 seconds are used
Result: 9605, 9606, 9607, 9610, 9612, 9613, 9622, 9623, 9627, 9629, 9633, 9634, 9638, 9639, 9644, 9646, 9647, 9656, 9657, 9660, 9661, 9666, 9668, 9669, 9676, 9678, 9682, 9686, 9692, 9698, 9701, 9703, 9706, 9721, 9738, 9742, 9746, 9747, 9757, 9771, 9773, 9781, 9793, 9800, 9809, 9812, 9818, 9819, 9841, 9855, 9866, 9876, 9879, 9882, 9890, 9891, 9892, 9905, 9907, 9914, 9915, 9921, 9928, 9929, 9933, 9936, 9940, 9941, 9945, 9946, 9947, 9952, 9954, 9959, 9975, 9989, 10000, 10003, 10004, 10007, 10009, 10011, 10014, 10017, 10019, 10022, 10023, 10025, 10027, 10035, 10053, 10056, 10061, 10069, 10073, 10077, 10083, 10085, 10088, 10096, 10102, 10105, 10111, 10114, 10115, 10119, 10125, 10127, 10129, 10131, 10135, 10147, 10148, 10151, 10163, 10174, 10180, 10188, 10198, 10207, 10222, 10223, 10231, 10249, 10275, 10337, 10366, 10372, 10389, 10399, 10400, 10402, 10403, 10410, 10424, 10429, 10432, 10434, 10443, 10444, 10447, 10449, 10451, 10454, 10455, 10457, 10462, 10467, 10480, 10481, 10485, 10487, 10489, 10491, 10493, 10496, 10497, 10499, 10500, 10502, 10503, 10506, 10513, 10518, 10521, 10524, 10525, 10541, 10545, 10549, 10557, 10559, 10560, 10561, 10565, 10569, 10571, 10572, 10576, 10580, 10599, 10604, 10618, 10620, 10630, 10633, 10634, 10635, 10640, 10642, 10651, 10652, 10657, 10679, 10687, 10691, 10694, 10706, 10720, 10721, 10727, 10729, 10733, 10739, 10741, 10742, 10743, 10755, 10756, 10768, 10772, 10773, 10777, 10778, 10785, 10786, 10791, 10797, 10814, 10817, 10821, 10845, 10848, 10850, 10861, 10865, 10872, 10876, 10879, 10884, 10886, 10891, 10895, 10899, 10906, 10910, 10913, 10914, 10915, 10919, 10921, 10935, 10944, 10946, 10960, 10961, 10963, 10966, 10969, 10976, 10986, 11007, 11012, 11021, 11024, 11030, 11034, 11036, 11037, 11039, 11041, 11045, 11048, 11049, 11050, 11051, 11054, 11056, 11062, 11065, 11066, 11068, 11069, 11073, 11074, 11076, 11078, 11097, 11098, 11100, 11101, 11103, 11104, 11105, 11112, 11114, 11116, 11125, 11135, 11144, 11145, 11149, 11154, 11157, 11161, 11164, 11172, 11180, 11182, 11183, 11190, 11191, 11195, 11196, 11205, 11210, 11214, 11220, 11229, 11234, 11239, 11240, 11243, 11244, 11245, 11249, 11250, 11251, 11255, 11256, 11259, 11262, 11263, 11265, 11266, 11268, 11270, 11274, 11277, 11281, 11286, 11289, 11293, 11296, 11298, 11299, 11301, 11302, 11304, 11311, 11315, 11316, 11320, 11322, 11323, 11328, 11331, 11335, 11336, 11337, 11339, 11343, 11347, 11348, 11349, 11354, 11355, 11357, 11364, 11365, 11369, 11372, 11376, 11393, 11398, 11402, 11407, 11409, 11418, 11423, 11432, 11436, 11438, 11442, 11443, 11444, 11447, 11449, 11450, 11451, 11454, 11463, 11471, 11475, 11481, 11490, 11495, 11496, 11513, 11518, 11521, 11522, 11531, 11534, 11535, 11537, 11541, 11548, 11553, 11574, 11575, 11581, 11590, 11593, 11597, 11601, 11613, 11618, 11621, 11627, 11633, 11638, 11646, 11649, 11651, 11653, 11657, 11661, 11670, 11672, 11674, 11675, 11676, 11678, 11679, 11680, 11682, 11687, 11690, 11692, 11696, 11697, 11698, 11707, 11710, 11718, 11719, 11720, 11724, 11730, 11731, 11732, 11736, 11740, 11742, 11743, 11749, 11752, 11755, 11760, 11762, 11781, 11788, 11800, 11827, 11828, 11831, 11834, 11836, 11837, 11839, 11841, 11854, 11855, 11859, 11869, 11874, 11880, 11883, 11889, 11890, 11893, 11894, 11896, 11898, 11908, 11910, 11915, 11918, 11922, 11944, 11954, 11960, 11961, 11966, 11977, 11978, 11981, 11983, 11992, 11996, 12000, 12005, 12009, 12028, 12031, 12037, 12047, 12049, 12052, 12054, 12058, 12062, 12066, 12068, 12069, 12071, 12073, 12076, 12081, 12086, 12090, 12091, 12101, 12102, 12108, 12109, 12111, 12112, 12118, 12129, 12186, 12194, 12195, 12211, 12214, 12215, 12220, 12239, 12249, 12253, 12290, 12306, 12316, 12319, 12323, 12329, 12335, 12383, 12387, 12442, 12449, 12466, 12487, 12490, 12502, 12523, 12531, 12554, 12584, 12595, 12602, 12608, 12620, 12634, 12637, 12641, 12642, 12654, 12657, 12663, 12683, 12713, 12725, 12730, 12735, 12742, 12757, 12759, 12770, 12771, 12782, 12799, 12805, 12817, 12832, 12854, 12860, 12861, 12863, 12864, 12865, 12869, 12874, 12876, 12878, 12883, 12884, 12889, 12890, 12891, 12894, 12896, 12898, 12899
